result= 40.85583333333333
result2= 8.0
result3= 8.333333
